Number Of Neurons
6
3
1
Weights Memory
0.6559673744560692
0.08260207948056664
0.3032582088616018
-0.02141536273479816
Input Weights
-0.2727560800042421
0.08553445815906469
0.602531302496619
-0.17813600717351452
0.6008712088789689
-0.8542326018971691
0.5313428885368421
-0.05138788301695829
-0.9950459199511907
-0.06501653050677159
0.6836937916551677
-0.11044297732434338
-0.11242248593182991
-0.18291046897025298
0.8472963710757944
0.2871398243286687
0.9590963799074317
0.7300877058564583
Output Weights
-0.24172494617124407
0.7738246906396955
0.9146818421603826
End
